 -14446 -24763  -5390 -28412   7072  -3422   6029   5432
 -30826 -18105  28170  29058  -1797  26827  -5012 -11721
  17826  27136 -11057  -1421  23096 -20804   3737  -9830
  -1731  -1313  27556 -14224 -17818  31576  15691   4083
 -26893  23634 -14185 -17690  21316  13455  19955  16327
  22622  31311 -21186  29419  22510    191  29917  11831
    354   9897 -26753 -32233 -12645  -9735 -18051  21610
  -3390 -11301 -31085  10863 -18292  21862  -2666  29276
  23653  -4948 -10312  30435   9500  30752 -10233   6799
  -2478   9030    348 -17898   4820 -15735  17729  11672
   5421 -30008   1986   2624 -11900  20076  28398  31126
 -23632  -7094  14198  13539 -13113  12807   6023  13267
   -734  16675  12433   4977 -23912  -1249 -26188  21367
  28976 -27484 -23428 -27671  -2081 -19025  10560  31064
  30785 -16995 -16288 -10365   8826  31698   4733   3123
  20925 -28935   6065 -13960 -10425  18612 -27166 -17910
  -8036 -31552 -18717 -30347  32072 -16854 -19901  12199
   2995  -5581  26844  32621  -9029  30522  13205  21714
  32630  11145 -28885 -27434  -8611  23727  23682  12607
  16242 -12969  31337   7225  28803  27761   4640   6323
  -2411  21146 -24598  19195  31869  22382 -24898  18214
  -2590 -13519  26261  -3699 -14458  18681  29396   -240
  31859  15376  16832  29675 -15614   4171   4955  -7535
   3770  17367   7348  18161 -29843 -25494  -1967  14286
 -15991  19997  25320   8023  -7131  15633  12743 -25957
  -7453 -11461 -28906   7859  -3201 -30006   8941 -20307
  -6752 -20784   8085  -9618  21849   8061 -17231  30755
  31770  12483 -24801   -209 -28242  -1015   7707  20513
  29353 -16765 -28108  23852  16840  28667 -21526   -172
 -19228 -30369  -6684  13438  -7983  10314   4396 -29432
  -9513  16966 -14944  21512 -11904  -4448  -9437  26668
  14268 -28455  21650 -13729 -12997  15430  16015  -2252
  20129   1434  11302  13137  11206  -7495  25366  18642
   -576  -7723 -14596   3094 -20299  27596   6268 -10751
 -14555  23449   6544   3197  16718  -3014 -30963 -32441
 -29778 -24349   8821 -18716  30416  29559 -14831  -7516
 -30957 -29514  16520  -2504 -14561   2980 -14380 -16512
 -14946  22908   4108  -7433
